0.150798
-0.451601
-0.243773
0.399291
0.076892
0.400582
-0.340873
-0.275494
-0.038265
0.294444
0.374293
-0.025320
0.391939
-0.248940
0.223086
0.127583
0.101578
-0.160528
-0.279410
0.463029
-0.164981
0.052523
-0.396536
0.223323
0.399263
0.250632
-0.070045
-0.410332
-0.288605
-0.475750
0.470248
0.398003
0.448432
-0.489684
-0.014799
0.405468
0.114956
0.038824
0.277650
0.462627
-0.041920
-0.017280
0.092861
-0.353215
0.179891
-0.162371
0.043320
0.268152
0.324204
-0.132478
-0.262048
-0.326650
-0.452487
-0.381781
0.206978
-0.060338
-0.276749
0.222714
-0.468971
-0.121374
-0.025985
0.200621
0.306719
0.249049
0.278125
0.388618
0.210826
-0.282829
0.254936
0.229573
0.461299
-0.104308
0.097553
-0.104883
0.415750
-0.256463
-0.107882
-0.380248
-0.103333
-0.285293
0.239587
0.184134
0.087521
0.307241
0.178942
-0.298985
0.005027
0.082267
-0.099989
-0.270614
-0.379769
-0.201677
-0.370388
0.270676
-0.325284